%YAML:1.0

# Kalibr <-> open_vins convention
# C_gyro_i <-> R_IMUtoGYRO
# [gyro] M <-> Tw
# [accel] M <-> Ta
# A <-> Tg
imu0:
  T_i_b:
    - [1.0, 0.0, 0.0, 0.0]
    - [0.0, 1.0, 0.0, 0.0]
    - [0.0, 0.0, 1.0, 0.0]
    - [0.0, 0.0, 0.0, 1.0]

  # Inflated values (to account for unmodelled effects)
  # density x5
  # walk x10
  #Accelerometer
  accelerometer_noise_density: 0.1155
  accelerometer_random_walk: 0.00726
  #Gyroscope
  gyroscope_noise_density: 0.004815
  gyroscope_random_walk: 4.26e-04
  rostopic: /imu/data_raw
  time_offset: 0.0
  update_rate: 200
  # three different modes supported:
  # "calibrated" (same as "kalibr"), "kalibr", "rpng"
  model: "kalibr"
  # how to get from Kalibr imu.yaml result file:
  #   - Tw is imu0:gyroscopes:M:
  #   - R_IMUtoGYRO: is C_gyro_i:
  #   - Ta is imu0:accelerometers:M:
  #   - R_IMUtoACC not used by Kalibr
  #   - Tg is imu0:gyroscopes:A:
  Tw:
    - [0.9627423588466005, 0.0, 0.0]
    - [-0.0019268008972498187, 0.9944105528399868, 0.0]
    - [-0.005879153489741736, 0.01131333955628936, 0.8743060359463781]
  R_IMUtoGYRO:
    - [0.9977476330573904, -0.030995101716987376, 0.059489195640292376]
    - [0.028393190803184067, 0.9986237595861791, 0.04409550437379739]
    - [-0.06077406884839421, -0.042307097034885374, 0.997254542278997]
  Ta:
    - [1.0040326408959752, 0.0, 0.0]
    - [0.0023599016330746684, 0.9882206117214903, 0.0]
    - [0.019759778934698574, -0.0016592881189444765, 1.013621687806015]
  R_IMUtoACC:
    - [ 1.0, 0.0, 0.0 ]
    - [ 0.0, 1.0, 0.0 ]
    - [ 0.0, 0.0, 1.0 ]
  Tg:
    - [-0.00045640411396420785, -0.00021940859188044758, 0.0001709006183532935]
    - [-5.006753942661362e-05, -5.1668046929498753e-05, -0.0007334277593919203]
    - [0.0006280186802151578, 0.0015424369785466553, 0.001794326365147518]
