%YAML:1.0
cam0:
  T_cam_imu:
    - [-0.9995857537320793, 0.0027174695657317897, 0.028651985882827663, 0.01922382466064342]
    - [-0.028525562906057414, 0.038684660030826455, -0.9988442267637088, 0.0037167006825928823]
    - [-0.0038227211202225084, -0.9992477732962222, -0.03859111770574023, -0.04365464962325764]
    - [0.0, 0.0, 0.0, 1.0]
  cam_overlaps: []
  camera_model: pinhole
  distortion_coeffs: [-0.030422216962042704, -0.0018653893565896518, -0.0033279164831179764, 0.0008047042521764139]
  distortion_model: equidistant
  intrinsics: [581.440990797162, 579.8177694372678, 639.7734343643274, 405.9476793172283]
  resolution: [1280, 800]
  rostopic: /image_mono
  timeshift_cam_imu: -0.015113281499720965

