cam0:
  T_cam_imu:
  - [-0.9998319963602619, 0.014881536245874133, -0.010701351934174472, 0.01855358735789246]
  - [0.00881665169931964, -0.12139957812372477, -0.992564561670523, -0.013291785730096406]
  - [-0.01607002511103232, -0.9924921573042012, 0.12124797723090645, -0.053947718718638356]
  - [0.0, 0.0, 0.0, 1.0]
  cam_overlaps: [1]
  camera_model: pinhole
  distortion_coeffs: [0.04272390826347732, -0.04941874572006671, -0.0011666205322754175, 0.0012297744775299675]
  distortion_model: radtan
  intrinsics: [456.2342150849141, 458.46940840874237, 331.87700547026424, 209.60819818502574]
  resolution: [640, 400]
  rostopic: /left_image
  timeshift_cam_imu: 0.0016079193264488829
cam1:
  T_cam_imu:
  - [-0.999703663307364, -0.02048916331837098, -0.01314457136423735, -0.06208661109832373]
  - [0.015568189429898245, -0.12301345793884652, -0.992282883377418, -0.012980940132430745]
  - [0.018714086878905203, -0.992193470726572, 0.12329598371337172, -0.053359480627401465]
  - [0.0, 0.0, 0.0, 1.0]
  T_cn_cnm1:
  - [0.9993714639108868, 0.006720172495534504, 0.03480684418666723, -0.07866146392443357]
  - [-0.006777434797177958, 0.9999758663937739, 0.0015274186017403826, 0.0005186712966070185]
  - [-0.03479573965551917, -0.0017623596809966814, 0.9993928910044206, 0.0011776468340339815]
  - [0.0, 0.0, 0.0, 1.0]
  cam_overlaps: [0]
  camera_model: pinhole
  distortion_coeffs: [0.04798995262353479, -0.058537589350020104, -0.00045202057788309064, 0.0013585251470172807]
  distortion_model: radtan
  intrinsics: [453.5961397964335, 455.38472881067923, 335.04023525109073, 209.6002202329887]
  resolution: [640, 400]
  rostopic: /right_image
  timeshift_cam_imu: 0.0016184582741075966