cam0:
  T_cam_imu:
  - [-0.9999281680882938, 0.011673744739044313, 0.0027170475439513156, 0.016474456217025535]
  - [-0.00405394807109072, -0.11607217311013336, -0.9932325085973212, -0.013761558136258952]
  - [-0.011279369159015784, -0.99317217757711, 0.11611116017901028, -0.04137067978858699]
  - [0.0, 0.0, 0.0, 1.0]
  cam_overlaps: []
  camera_model: pinhole
  distortion_coeffs: [0.02999843677501818, -0.04542095308056438, -0.0005089407639107822, -0.00028693994001657353]
  distortion_model: radtan
  intrinsics: [452.4630444271672, 453.965376617005, 328.50231287411276, 219.83717798367954]
  resolution: [640, 400]
  rostopic: /left_image
  timeshift_cam_imu: -0.0036141700752030867