%YAML:1.0

# Kalibr <-> open_vins convention
# C_gyro_i <-> R_IMUtoGYRO
# [gyro] M <-> Tw
# [accel] M <-> Ta
# A <-> Tg
imu0:
  T_i_b:
    - [1.0, 0.0, 0.0, 0.0]
    - [0.0, 1.0, 0.0, 0.0]
    - [0.0, 0.0, 1.0, 0.0]
    - [0.0, 0.0, 0.0, 1.0]

  # Inflated values (to account for unmodelled effects)
  # density x5
  # walk x10
  #Accelerometer
  accelerometer_noise_density: 0.025500334152520204
  accelerometer_random_walk: 0.003426812049533676
  #Gyroscope
  gyroscope_noise_density: 0.0009238252846095025
  gyroscope_random_walk: 2.6678817538218934e-04
  rostopic: /imu/data_raw
  time_offset: 0.0
  update_rate: 200
  # three different modes supported:
  # "calibrated" (same as "kalibr"), "kalibr", "rpng"
  model: "kalibr"
  # how to get from Kalibr imu.yaml result file:
  #   - Tw is imu0:gyroscopes:M:
  #   - R_IMUtoGYRO: is C_gyro_i:
  #   - Ta is imu0:accelerometers:M:
  #   - R_IMUtoACC not used by Kalibr
  #   - Tg is imu0:gyroscopes:A:
  Tw:
    - [1.0138759044466956, 0.0, 0.0]
    - [-0.00018241039699081263, 1.0060147441217016, 0.0]
    - [0.006457000071663887, -0.036165336806955134, 1.0412415618970419]
  R_IMUtoGYRO:
    - [0.9999900002303146, 0.002165000353896493, 0.003913082268787664]
    - [-0.0020095800865746923, 0.9992256394529975, -0.03929482214775036]
    - [-0.0039951254361177205, 0.03928656555637458, 0.9992199981683382]
  Ta:
    - [0.9993943348473127, 0.0, 0.0]
    - [-0.0039938711577946675, 1.022208142738782, 0.0]
    - [-0.0009776117951625627, 0.03843621208955551, 1.0044242517736186]
  R_IMUtoACC:
    - [ 1.0, 0.0, 0.0 ]
    - [ 0.0, 1.0, 0.0 ]
    - [ 0.0, 0.0, 1.0 ]
  Tg:
    - [-1.2440154916371489e-05, 0.000837329235510149, 0.002174540527244622]
    - [3.6206017039114625e-05, -6.705738846509277e-05, -1.765664802796868e-05]
    - [-0.0006426481785230082, -0.00033984401066513426, -0.001010606025341362]
