%YAML:1.0

# Kalibr <-> open_vins convention
# C_gyro_i <-> R_IMUtoGYRO
# [gyro] M <-> Tw
# [accel] M <-> Ta
# A <-> Tg
imu0:
  T_i_b:
    - [1.0, 0.0, 0.0, 0.0]
    - [0.0, 1.0, 0.0, 0.0]
    - [0.0, 0.0, 1.0, 0.0]
    - [0.0, 0.0, 0.0, 1.0]

  # Inflated values (to account for unmodelled effects)
  # density x5
  # walk x10
  #Accelerometer
  accelerometer_noise_density: 0.1155
  accelerometer_random_walk: 0.00726
  #Gyroscope
  gyroscope_noise_density: 0.004815
  gyroscope_random_walk: 4.26e-04
  rostopic: /imu/data_raw
  time_offset: 0.0
  update_rate: 200
  # three different modes supported:
  # "calibrated" (same as "kalibr"), "kalibr", "rpng"
  model: "kalibr"
  # how to get from Kalibr imu.yaml result file:
  #   - Tw is imu0:gyroscopes:M:
  #   - R_IMUtoGYRO: is C_gyro_i:
  #   - Ta is imu0:accelerometers:M:
  #   - R_IMUtoACC not used by Kalibr
  #   - Tg is imu0:gyroscopes:A:
  Tw:
    - [0.9475086149097594, 0.0, 0.0]
    - [-0.006586400717543462, 1.005310911319266, 0.0]
    - [0.02175748556275192, -0.030814530788792732, 0.9823618532282358]
  R_IMUtoGYRO:
    - [0.9999862424828734, -0.00266455878743029, 0.004518292979992573]
    - [0.0026878858523364615, 0.9999830508619402, -0.005164616006224248]
    - [-0.004504454975857972, 0.005176689609708722, 0.9999764556078587]
  Ta:
    - [0.996163819860585, 0.0, 0.0]
    - [0.002843679665484783, 0.9776929710570114, 0.0]
    - [-0.0007024253804475981, 0.003848747335230806, 1.0161474082522017]
  R_IMUtoACC:
    - [ 1.0, 0.0, 0.0 ]
    - [ 0.0, 1.0, 0.0 ]
    - [ 0.0, 0.0, 1.0 ]
  Tg:
    - [-0.00018939079034365071, -0.0007288246655564598, 0.0019192253987462937]
    - [-0.0003793041428122896, -0.0005065392050048764, 0.0002453059611875834]
    - [0.0002517532274553111, 0.0005539130295011422, 0.00011637136357345681]
