%YAML:1.0

cam0:
  T_cam_imu:
    - [-0.9988154954680802, 0.04657544305357132, 0.014083114613500335, 0.024095767745304104]
    - [-0.02058587449264075, -0.14223313466799917, -0.989619097013537, -0.0264246553185917]
    - [-0.0440888623603138, -0.9887368019381491, 0.14302345510053568, -0.061579440180973465]
    - [0.0, 0.0, 0.0, 1.0]
  cam_overlaps: [1]
  camera_model: pinhole
  distortion_coeffs: [0.10251669530895989, -0.031407050898865356, -0.0027505065255259238, 0.005695117135343838]
  distortion_model: radtan
  intrinsics: [493.4576535027953, 493.00922584598703, 327.6067771983944, 205.45604779150236]
  resolution: [640, 400]
  rostopic: /left_image
  timeshift_cam_imu: -0.002505513075258814
cam1:
  T_cam_imu:
    - [-0.9991788804670241, -0.03404768789748248, 0.02196177992559593, -0.05992146408616511]
    - [-0.01728792526240168, -0.13195327296520454, -0.9911051717118079, -0.024618028472775364]
    - [0.036642768301348314, -0.9906710295060647, 0.1312563096716035, -0.05910072186238735]
    - [0.0, 0.0, 0.0, 1.0]
  T_cn_cnm1:
    - [0.9967188526699473, 0.003677883588069814, 0.08085791182450452, -0.07886179831699396]
    - [-0.0028361822413926867, 0.9999406197781201, -0.010522023951955076, 0.0012254573879601474]
    - [-0.08089180924296568, 0.0102581718675656, 0.9966700984314408, 0.0044938837479516465]
    - [0.0, 0.0, 0.0, 1.0]
  cam_overlaps: [0]
  camera_model: pinhole
  distortion_coeffs: [0.12041133088186085, -0.0743780318557296, -0.0027316171499918284, -0.0037074886415629006]
  distortion_model: radtan
  intrinsics: [494.33331953605887, 494.5602559223104, 306.36726529059865, 215.92312337147672]
  resolution: [640, 400]
  rostopic: /right_image
  timeshift_cam_imu: -0.002453308809106766
