%YAML:1.0
cam0:
  T_cam_imu:
    - [-0.9996617094010058, -0.004551507782658249, 0.02560762648826433, 0.01786410192232065]
    - [-0.025747121621691814, 0.03381900230361395, -0.9990962720435831, 0.003436066861236747]
    - [0.0036813700786345153, -0.9994176098408972, -0.03392474987750944, -0.04162736553938879]
    - [0.0, 0.0, 0.0, 1.0]
  cam_overlaps: []
  camera_model: pinhole
  distortion_coeffs: [-0.0450175136695501, 0.025398551929709395, -0.023683222547249957, 0.006057119590900955]
  distortion_model: equidistant
  intrinsics: [291.6710689858397, 290.86295884186796, 318.0480461953943, 203.57759683186387]
  resolution: [640, 400]
  rostopic: /image_mono
  timeshift_cam_imu: -0.005800751399880711
